25 41 / 32 41
25 44 / 33 43
26 47 / 34 45
28 49 / 36 47
29 51 / 37 50
30 53 / 38 53
30 55 / 38 55
30 56 / 37 60
29 58 / 37 63
28 58 / 37 70
27 59 / 37 74
26 59 / 36 76
25 59 / 33 76
24 60 / 30 76
22 60 / 25 76
20 61 / 21 76
17 61 / 17 76
14 61 / 13 76
11 60 / 8 74
5 72 / 11 60
11 60 / 2 68
1 65 / 11 60
11 60 / 0 61
11 58 / 1 58
11 58 / 2 55
11 58 / 4 51
12 57 / 7 49
14 57 / 10 48
17 56 / 11 46
20 55 / 12 45
23 51 / 12 45
23 46 / 12 45
22 43 / 12 43
22 40 / 12 40
21 37 / 12 38
19 34 / 12 37
17 32 / 11 36
14 30 / 10 34
13 28 / 8 32
13 26 / 5 30
3 29 / 12 24
12 23 / 0 25
12 21 / 0 21
12 20 / 0 17
12 20 / 0 14
12 20 / 0 10
12 20 / 0 7
12 20 / 1 4
3 1 / 12 20
12 20 / 7 0
10 0 / 12 20
13 20 / 13 0
15 20 / 15 0
17 20 / 17 0
18 21 / 20 1
19 22 / 23 1
26 1 / 19 22
30 2 / 19 22
19 22 / 32 4
33 6 / 19 22
35 10 / 19 23
19 23 / 36 13
34 16 / 19 23
29 20 / 20 24
29 23 / 20 25
29 26 / 22 27
29 28 / 24 30
30 30 / 25 31
32 32 / 25 32
25 34 / 32 34