0 45 / 20 45
0 43 / 19 43
0 41 / 18 41
0 38 / 16 38
4 34 / 15 34
5 32 / 15 32
5 30 / 15 30
5 28 / 15 28
4 27 / 15 27
3 24 / 16 24
2 23 / 16 23
1 22 / 15 22
0 21 / 15 21
1 18 / 12 18
1 15 / 10 15
0 12 / 8 12
0 11 / 8 11
0 10 / 8 10
0 7 / 8 10
0 5 / 9 10
1 3 / 9 10
3 1 / 10 11
7 0 / 10 11
10 0 / 10 10
12 0 / 12 10
15 0 / 15 10
18 0 / 17 13
21 0 / 20 12
25 0 / 22 12
27 6 / 24 12
29 6 / 24 12
30 7 / 25 13
32 9 / 25 14
35 10 / 25 15
37 11 / 25 16
26 16 / 37 13
39 16 / 25 17
39 19 / 25 19
39 22 / 24 20
39 24 / 23 22
38 29 / 22 23
38 32 / 22 26
36 35 / 22 29
36 38 / 25 36
35 42 / 26 38
35 44 / 24 41
34 47 / 24 44
34 50 / 24 46
34 52 / 23 48
34 53 / 22 51
32 55 / 22 53
32 56 / 22 54
32 58 / 22 56
32 60 / 22 59
32 61 / 23 61
32 63 / 24 64
33 64 / 25 65
32 65 / 26 67
26 68 / 33 65
34 67 / 26 68
35 68 / 26 69
36 71 / 26 69
37 73 / 25 69
38 77 / 25 69
34 79 / 25 69
30 79 / 25 69
27 79 / 25 70
25 79 / 25 70
23 79 / 24 70
21 79 / 23 70
18 79 / 22 70
16 79 / 21 70
13 76 / 20 70
11 72 / 20 69
10 70 / 19 67
10 68 / 19 66
9 67 / 18 62
7 66 / 17 60
6 65 / 17 59
5 62 / 17 58
2 59 / 17 57
1 57 / 18 56
0 55 / 18 55
0 54 / 19 54
1 51 / 19 51
0 50 / 20 50