InputNodes: 11 HiddenNodes: 8 OutputNodes: 4 HiddenLayers: 2
--------------------------------------Weights--------------------------------------
__________________________Format [Hidden * Input]:[8 * 11]__________________________
0.36359406400004834 0.8988830315512611 0.35323706444821074 -0.7020499224964053 1.236197860424417 0.2067088807939636 1.08750779617854 0.7087751453647153 0.7478216991663265 -0.9984247094217586 -0.8752144849046773 
1.4148918529507497 0.8247618707232892 0.3147953629881142 1.553412008578837 1.3001947154070184 1.5224972914099146 -0.40603590579600785 -0.04610265076007511 2.365515161990474 -1.1937616694578566 -2.337210463729417 
-1.6595774747093317 1.6484844896377828 2.59732266396695 -1.7682377829757379 -1.0779998091570846 0.8683967807127264 -0.8969975356733701 0.8439719594468695 -0.48149001391110524 -0.6969397465279783 -1.2521221213965843 
-1.1865829410138635 1.3889702597611917 1.238763121521211 -0.2459472928106874 -1.2135682541719544 0.2513915997969043 -0.11501097122942447 -0.0030277458733515804 -0.45851843264634584 -0.07505241241699703 0.6061265940242654 
-1.860015422082261 -0.7131704224558467 0.6935304325804618 1.776977884237514 -0.3219219825249323 -0.42406245101248297 -0.22363718332418728 -0.8096839964980082 -1.241523741288784 -0.8869156628999111 -0.27875890351458016 
-1.203266260851776 0.28891852131472884 -0.1409706719665509 -0.9074882607386384 0.2914357798408509 -1.121984098337671 -1.0499767028383198 -0.13147196964911168 -0.2823301560128577 -1.8119307305809789 -0.01849833512905956 
1.4659454002017223 1.211156993011274 1.2205309770962272 0.013281652601165206 -0.28605999577749197 -0.6851566709255291 -1.4051759394829455 -1.3119830314622232 0.16832420406228876 1.7663922586374936 1.2872997688477472 
-0.5706578987896932 1.4377930969809025 0.406883433564543 0.8076138528767389 0.645294353011741 1.2175668502502621 0.1272487329236252 -0.5552518217893623 -0.39488031197885615 1.0005328918656802 -1.7192810725393026 
__________________________Format [Hidden * Hidden]:[8 * 8]__________________________
-0.5580477023853742 -0.3069683171750602 1.1808354450447633 -1.9686137551615728 1.2754663938430504 0.2152819344372491 -1.2090671603475145 0.8827725155536732 
0.39456781454395407 -0.5579381886658477 -0.6977301274353298 -0.0019775075008689955 -0.6278876642222425 -0.2145785908656718 -1.5183896014460416 -2.0615161967372715 
0.004753164071584673 1.00258660531518 0.5854289922674565 -0.5652277803755181 0.76456364964216 -0.34613526688340124 0.18527918485032935 0.04781639163547671 
0.06375960084896323 0.6544157750783579 -0.1500473902380151 -0.8213313497057636 -0.2857099920280411 -0.9982212228477826 -0.04335773245099024 0.28262155724969895 
0.05049921747918126 -1.6445685196758844 0.5353847492006797 -1.455793422370888 -0.23974474591036538 1.1686411644057986 -0.17598503014153732 0.7567102834837028 
-0.1582906790180309 -1.6343857250016958 -0.018898908207068348 -0.4348556734267977 0.8323148665012096 0.2691622605929412 0.5963106940078169 1.633207836327196 
1.1989807791632316 1.2031470535783222 -1.1046407138515564 -0.39390196538311284 1.1339598936822968 0.0035724262136531404 -1.0016180903808154 1.2758716660095148 
0.39732137535858236 0.3586240719019214 -0.0791472874067036 -0.4544961994306032 -1.2526928217207918 -0.9707848423348728 0.6523678695282309 -0.5692217779507076 
__________________________Format [Output * Hidden]:[4 * 8]__________________________
0.5050896599419847 -0.7663566228426175 2.0558177180102195 -0.332991000278339 -0.675128926852949 1.4353984903384038 1.1732734066320478 1.3697253010368662 
-1.0040367257887726 -0.1395444202300749 0.5202435228371309 -0.27348385029054145 -0.9169890440824241 1.0117623629534191 0.3711637763305905 -0.18319321906889852 
-1.2215378266864947 0.38188826724449343 0.8628324243768064 -0.17586863347803333 -1.120252407929229 0.4013549796520738 0.1798583156603457 0.9291811579374816 
0.8208486572140758 0.5768312685717705 -0.11429594594600277 0.09161048817788081 -1.4776995650727138 -1.2703449715514252 1.005707321783517 0.11418236437055204 
--------------------------------------Bias--------------------------------------
__________________________Format [Hidden * 1]:[8 * 1]__________________________
-0.42866585911458843 
-1.3753894280377053 
-0.45059500074540876 
0.4761024725286688 
0.04320778456765825 
-0.09290416464757348 
-0.7024325273724163 
-1.0613920560129702 
__________________________Format [Hidden * 1]:[8 * 1]__________________________
1.708646417910361 
1.247624245117657 
-0.4895036980752143 
1.6497869509211047 
1.2951723340314427 
-0.04063892099605276 
0.872118876785881 
-1.4157725432562722 
__________________________Format [Output * 1]:[4 * 1]__________________________
1.2278707806112896 
-1.432131557430634 
0.6740405840244588 
1.8799308962073304 