InputNodes: 11 HiddenNodes: 8 OutputNodes: 4 HiddenLayers: 2
--------------------------------------Weights--------------------------------------
__________________________Format [Hidden * Input]:[8 * 11]__________________________
0.8235471593185542 -0.8642570068433639 1.2442455758373296 0.6635548035509723 -0.8431195640360222 0.7245564243622005 0.30313296860439 0.23455320848963818 -0.8497778718936576 -0.5592274363581817 1.3064795586413809 
0.7119582848608031 0.9939771454378179 -0.40422275854667244 -1.1017608669488324 1.3991682761574997 -1.3599503247865634 1.1482541286850567 1.0994770031934675 0.027155307105998276 -1.2212233483621482 -0.3487588401081695 
0.7928549423835574 -0.19624128579533043 -0.681346398841875 0.5354932541878212 -0.7491789268936624 -0.07950834612948393 0.2948679417537185 0.8877251398391396 -0.4239645051452681 0.7884553741719822 -0.5025675768983201 
-0.5400111902146796 -0.26350505427903526 1.1237753706591036 -0.056093590044249964 -0.07441706356231309 -0.3376123352530128 0.051046249317512074 -0.650632512899273 -0.6369987830717975 0.14679102937256716 0.10393792702370253 
-0.6706425370572885 0.7208997167164286 -0.10628083692990029 0.374066626853623 1.2274362533173164 -0.2811476557760963 0.5956025519397352 -0.26283198474462754 1.0033376673336003 -0.22645827431489393 0.06436693382159606 
-0.165687687783992 0.6563604865315431 -1.858765919543038 -0.7503266226921053 -1.0357946459323204 0.25399022032287366 0.07087940486458208 -0.35432372120334876 -0.41643773117804317 -0.3329349053572191 0.2015482627126049 
0.9520138250226997 0.3279348543840932 -0.547203716305528 -0.6527953815189518 0.22195098238589459 0.011345806375351625 0.10486024709282585 -0.14740535975619984 0.7050363578092418 -0.045101139071033705 0.8189886207392644 
-0.7487953147409304 1.2866822236450668 0.6436245111552878 -0.858122189471365 0.554765969735913 0.17146387875812308 -0.14999912534654533 0.7356899710090294 -0.16084686769247905 -0.164341991036187 -0.6080001958109542 
__________________________Format [Hidden * Hidden]:[8 * 8]__________________________
0.3136125355225312 0.41794183557309267 0.13858374880282065 -0.9543432581905621 1.254561108878209 -0.8921181235117971 -0.4975453486749009 -0.35909852812295706 
0.5607100380489729 0.7596671472194053 -0.7981097231612164 -0.17687559540971623 -0.1122563442600625 -1.127131693232759 0.9796205842673671 0.7274947324259393 
-0.11506649846759451 0.015869973110003155 -0.004123237757171674 -0.3549349063795922 -0.7626139821181653 0.6207054914185095 0.9964144953523566 -1.2384452680133253 
0.28230880461292623 -0.12466221992935217 0.8752700526481239 1.1444349548136783 -1.210893093265063 0.01159192125841231 0.4454675722740975 0.8923573391343639 
-0.25594367212442654 -0.9217278534360589 -1.0122268258971345 0.6108110396311177 0.4408175865062603 -0.8275664454255685 0.695758383285756 -0.9599352522217706 
-0.210632473779628 0.19842696681351857 0.19516468785747626 0.5408921048558828 0.16159029831508032 -0.48329233658146703 0.28169462856864214 -0.027606185846116058 
-0.1320687506342691 0.654965033601523 -0.8007100903843368 0.23677246813206904 0.7334878068235225 -1.572241269899454 -0.23341699182647338 0.7620412058141137 
0.7502317710665085 0.4909415401468845 0.38740404568544595 0.793060480724038 -0.5134495491010842 1.1862847645632895 0.15988041839097092 -1.1888524030806729 
__________________________Format [Output * Hidden]:[4 * 8]__________________________
-1.0369432387250377 -0.01770634625549567 -0.27950293219007194 0.01596512721255551 -0.2309294204170769 -0.026617017625322453 0.673001012864673 0.5724073654389729 
-0.8626776335380384 0.48941009423016424 0.24705856573958843 -0.5921991512491948 -0.6345145800610804 1.0664720697672054 -1.4764942779652608 -0.564901311362967 
0.2566600089266463 -0.08514102827779282 -0.7285547060649135 0.5132375049095557 -0.46344665651252387 -0.005697959609977876 -0.26263619790694026 0.3709371057295445 
-0.8218432008612313 -0.765018893769812 -0.8269180707973667 0.37110113304418924 0.7952467275478611 0.05227563757500295 -0.37576174111668603 -0.06672615162296691 
--------------------------------------Bias--------------------------------------
__________________________Format [Hidden * 1]:[8 * 1]__________________________
0.44418798706660384 
0.7627088360010977 
-0.9674648835457533 
0.7351270576529155 
0.22424469641512645 
-0.5549758609291868 
0.6232587743016249 
0.4515267800008818 
__________________________Format [Hidden * 1]:[8 * 1]__________________________
0.10634236626746338 
-1.0647915804636523 
0.4565067352866353 
0.28840602984015207 
-1.2809636238584112 
0.9481003615612982 
1.2553663434593543 
0.5371708313610288 
__________________________Format [Output * 1]:[4 * 1]__________________________
0.8351430941798696 
0.2150342720833358 
-0.022285036506121 
0.19882502446517247 