InputNodes: 10 HiddenNodes: 8 OutputNodes: 4 HiddenLayers: 2
--------------------------------------Weights--------------------------------------
__________________________Format [Hidden * Input]:[8 * 10]__________________________
-1.1590257 0.5614651 0.3740566 -0.081854634 0.9490518 -0.44371247 -0.67121804 -1.2749062 0.5188275 0.3021198 
-0.33885857 0.7177301 0.11438333 -0.55402905 0.5877443 -0.48753747 0.223623 -0.5112786 -0.392364 -0.55770934 
0.2678272 -0.13075359 -0.028945107 -0.83426064 0.8429622 0.76564115 0.4514349 -0.17059755 -0.059487034 -1.1525549 
-0.2474791 0.8226344 0.42183638 -0.05114294 -0.48104233 -0.09039905 0.5309336 0.6596291 0.25008 -0.5999322 
0.5722256 0.026743712 0.12337749 -0.5282432 -0.61108685 -0.6118153 0.27186742 0.49121192 -0.002480361 0.03590512 
-0.9957904 -0.9383629 -0.9007019 1.2176982 0.7619775 -0.88273114 0.04910897 1.2101107 0.120001316 0.24355075 
-0.28243455 -0.072479814 -1.3526292 -0.08958874 0.05365971 0.62198365 -0.55589503 0.66236126 -0.946919 0.703696 
0.9544839 1.0912311 -0.36110434 0.29028067 0.15564364 0.36146078 -1.1923093 0.08940066 -1.0092728 0.29396468 
__________________________Format [Hidden * Hidden]:[8 * 8]__________________________
-0.98862994 0.68000025 0.6627287 -0.26016504 0.4523002 0.61448956 0.5074536 -0.58446646 
-0.06750854 1.0676163 -1.0996876 0.5678969 0.91982573 0.11011442 0.32448432 0.13633044 
-0.3586029 0.19341582 -0.37413007 0.34545904 1.20437 -0.3740178 -0.90388215 0.5314306 
-0.8395443 -0.59025645 -0.78541595 0.49586606 -0.87787753 -0.82997155 -0.14781736 -0.40647224 
-0.1428631 0.37546453 -0.210436 0.5844345 -0.7260193 -0.2946522 1.2036406 0.5420378 
0.7144339 -0.30722207 0.68376905 -1.1099987 0.9874605 0.0806664 0.34286532 -0.19069855 
-0.57817906 0.7905329 0.7724673 -0.6498509 -0.6166594 0.55449104 0.599145 -0.6362998 
0.7834962 0.34036383 0.69626284 -0.6265499 -0.046821423 0.42955413 -0.5792831 -0.4971907 
__________________________Format [Output * Hidden]:[4 * 8]__________________________
-0.8694821 0.49517533 0.45729584 0.7361955 0.466946 0.47976366 0.71198994 0.08361262 
-0.19395177 -0.39858207 0.41589272 -0.2151339 -0.23521455 -0.10566995 -0.3700984 -0.077596456 
0.4769968 0.51872766 0.9826901 0.14957227 -0.8900983 -1.6164052 -0.29856405 0.6399848 
-0.8560984 0.04678838 -0.6715294 -0.14619192 0.035915535 -0.24990933 0.17119563 0.268036 
--------------------------------------Bias--------------------------------------
__________________________Format [Hidden * 1]:[8 * 1]__________________________
0.35409838 
-0.45148343 
-0.23105882 
0.287613 
-0.4711061 
0.2579822 
0.65172744 
-0.122512355 
__________________________Format [Hidden * 1]:[8 * 1]__________________________
0.60252964 
0.8011622 
0.4606416 
0.93389446 
-0.7265606 
0.034022328 
-0.57450986 
-0.54441273 
__________________________Format [Output * 1]:[4 * 1]__________________________
1.0939842 
-0.23211136 
-0.21091595 
0.9278977 