47 62 / 57 62
47 65 / 57 65
48 68 / 57 68
48 71 / 57 71
48 74 / 57 74
49 77 / 57 77
49 80 / 57 80
49 81 / 56 84
48 83 / 54 87
46 86 / 54 89
45 88 / 52 93
43 91 / 51 96
42 95 / 51 96
42 98 / 51 98
42 101 / 51 101
42 104 / 51 104
52 107 / 40 107
40 107 / 53 111
39 107 / 52 115
38 108 / 49 117
46 118 / 38 108
42 119 / 38 108
39 119 / 38 108
36 108 / 36 119
33 109 / 33 119
32 109 / 29 119
32 109 / 24 119
31 108 / 20 117
16 114 / 31 108
14 111 / 31 108
31 107 / 10 108
31 104 / 8 105
31 101 / 7 102
31 99 / 6 99
32 96 / 5 97
33 94 / 5 94
34 91 / 4 91
4 88 / 35 88
36 86 / 5 86
5 83 / 36 83
37 80 / 5 80
5 77 / 37 77
37 74 / 5 74
6 71 / 38 71
4 68 / 38 68
39 65 / 4 65
2 62 / 39 62
39 59 / 2 59
2 56 / 38 56
36 53 / 2 53
5 50 / 35 50
34 47 / 10 47
12 45 / 32 45
16 43 / 30 43
16 40 / 28 40
14 37 / 26 37
23 34 / 13 34
11 32 / 21 31
20 29 / 10 29
20 26 / 8 26
20 24 / 8 23
20 24 / 9 18
20 24 / 11 14
20 24 / 15 10
21 22 / 18 8
21 22 / 21 7
23 21 / 23 6
26 21 / 25 5
27 21 / 28 4
27 21 / 31 3
27 21 / 34 3
37 3 / 27 21
40 4 / 28 22
43 5 / 28 22
28 22 / 46 7
48 9 / 28 22
50 12 / 29 23
51 15 / 30 25
31 27 / 53 18
32 29 / 54 22
34 32 / 55 25
55 28 / 35 33
37 35 / 56 31
56 34 / 37 35
38 38 / 56 38
40 41 / 57 41
43 44 / 57 44
44 47 / 57 47
47 50 / 57 50
47 53 / 57 53
47 56 / 57 56