47 53 / 57 53
47 56 / 57 56
47 59 / 57 59
47 62 / 57 62
48 65 / 57 65
49 68 / 57 68
49 71 / 57 71
49 74 / 57 74
49 77 / 57 77
49 80 / 57 80
48 83 / 57 83
48 86 / 57 86
47 89 / 57 89
47 89 / 57 93
47 89 / 56 99
47 89 / 55 102
47 89 / 51 107
47 89 / 47 108
44 91 / 44 108
40 93 / 41 109
37 95 / 40 110
35 95 / 37 110
34 95 / 32 111
34 95 / 26 109
33 95 / 23 105
32 95 / 21 100
32 94 / 20 97
32 92 / 19 92
32 92 / 20 88
32 92 / 22 86
33 91 / 24 83
35 90 / 26 81
38 88 / 28 80
41 86 / 29 78
42 84 / 31 76
31 76 / 46 80
31 76 / 47 76
31 73 / 47 73
31 71 / 46 68
45 65 / 31 71
43 61 / 31 71
40 59 / 30 71
36 58 / 30 71
35 57 / 25 74
35 54 / 17 83
33 52 / 14 83
31 49 / 10 82
30 47 / 7 80
29 45 / 4 75
28 44 / 3 71
28 43 / 2 65
28 42 / 2 58
28 42 / 2 53
28 42 / 2 47
28 42 / 2 42
27 41 / 4 38
27 40 / 7 35
28 39 / 9 33
29 37 / 11 30
30 34 / 13 27
31 30 / 13 24
29 26 / 14 22
27 22 / 15 19
27 19 / 16 14
29 17 / 16 11
31 16 / 17 9
31 16 / 17 6
31 16 / 19 2
31 16 / 23 2
31 16 / 28 2
32 16 / 32 2
35 15 / 35 2
38 14 / 38 2
41 14 / 41 2
43 14 / 44 2
43 14 / 47 2
43 14 / 51 3
45 15 / 53 5
45 15 / 56 9
45 16 / 57 13
46 18 / 57 17
46 20 / 57 20
46 23 / 57 23
47 26 / 57 26
47 29 / 57 29
47 32 / 57 32
47 35 / 57 35
47 38 / 57 38
47 41 / 57 41
47 44 / 57 44
47 47 / 57 47