InputNodes: 11 HiddenNodes: 8 OutputNodes: 4 HiddenLayers: 2
--------------------------------------Weights--------------------------------------
__________________________Format [Hidden * Input]:[8 * 11]__________________________
-0.12353866274455966 -0.5682760865111811 0.4254833016994125 0.6199253575402736 0.09307686160703293 0.19728500557259487 0.8667797464107914 -0.25291398949758953 0.38082263466121574 -0.2700884145259437 0.8264676621132796 
-0.854886083686362 0.7333580040417066 0.559916947279349 0.4147682719897526 -0.2303709472928281 -1.717503101153712 -0.8019188017052351 -0.6504756739616515 0.4936330866192788 0.5044699153516045 -0.5921457690205093 
-0.6001522082197622 -0.44692747075515293 1.0319933373761423 -1.3980144549538527 -0.8554192843237362 -0.4304351400154085 0.2786227538976923 0.632613404303176 0.0929763635591997 0.0050937140131111225 1.058348366481975 
1.3058090118258172 0.7293013420477381 0.5113877219666458 -0.325703847362922 0.671463483160948 0.2513672570932986 1.0630629745195634 1.2564213757741984 0.4955129307673758 -0.8423557256745777 0.9505000968412671 
1.8180384402692285 0.40438153100013485 0.6142285331708116 -1.6101951243659298 -0.2601375223917684 0.9604487270875937 -1.4387755585972686 -1.2176428520271085 -1.0892802610316061 1.8963330392326854 1.0025504219150752 
0.08903760365095335 0.16673259307337723 1.3842493808012302 -1.1023370373257924 -1.2497504062423948 -0.16304954977635172 -0.36515584950975494 0.6381607746621646 -1.0700358560439767 0.564881815586519 0.9456313263967523 
-0.27948870091393474 -0.5885521658955449 0.34493925183679136 0.48137956979871094 -0.07213961825885555 -0.9730136020541877 -0.021774310867139726 0.3829230724818584 -0.862614407462305 -1.6917522398919944 0.8356265786720671 
0.9371195321111924 -0.8582794513701474 0.5432418259360166 -0.585084431854475 -1.7090314613116826 -0.018441192719341692 0.7965817146497534 0.7928407360095563 -0.0363540144099486 0.484800964144453 0.726831737907861 
__________________________Format [Hidden * Hidden]:[8 * 8]__________________________
-0.5356049046047107 -0.8620418126621672 0.06879870803062399 0.5921932762458529 -0.2801582958528036 0.02956764159110914 0.54157213116783 1.5358266261150288 
-0.5739735334354541 0.06487695234760743 1.5790050808892702 0.13567966618802405 -0.03246630367589266 0.6693098317382243 -0.5291388696632473 1.2137885546522875 
-0.3850439220902809 -1.1785093136381555 0.18604163731752 -0.7262840329997685 0.10094175782693902 1.1840411501751564 0.3583720373510628 -0.26401103114294544 
-0.8101269365420852 -0.4770655923497427 0.4530444922184358 0.29694195728686307 -0.19687818461448922 0.601650565671322 0.9200133421845158 1.1979219235077225 
-0.750516499209338 -0.18865042827594328 -0.6156709409008432 0.13432513267100155 -0.43824205447917775 0.28034867991163753 0.11915524434978958 -0.6023078174582152 
1.6103037651439878 -0.6678132429646223 1.112469717037094 -0.4461019977342756 -1.0265546945448898 0.1668588811587387 0.4544504210399284 0.745807209731397 
0.2149605663076986 0.3238617361014826 -0.4227078262339437 -0.6132252540211776 -0.602716485027813 -0.4532156246960216 -0.5456403397432061 -1.0383868360525539 
-0.19099972164037254 -0.3539445168614758 -1.3981357378853407 -0.8260198985557744 -1.2309268619683118 -0.08031302705860886 -0.4170455067051768 0.07550321298785866 
__________________________Format [Output * Hidden]:[4 * 8]__________________________
0.25869100586284877 0.1818840423255701 0.053411501649734267 -0.49431732585689664 0.7487139484672024 0.2858301159669114 0.4676113661189713 -0.2558417109565053 
-1.3670702611154324 -0.7933776075941802 0.817278094006098 -0.3099126755361523 -0.2068806491085592 -1.2292834417189007 -0.34508392505390173 -0.32417295067089735 
-0.395843496553558 -0.050380978544037225 1.6897500130774266 -0.17964142190500443 1.2243901993187667 -0.004870948542379003 -0.028995022472158308 -1.2825205104798003 
0.21050772328326456 -0.4019554968862663 -0.4699719807290812 -0.7322530547821053 -0.02532093237577171 1.819782894764091 -0.4274097791323385 -0.7080939328856009 
--------------------------------------Bias--------------------------------------
__________________________Format [Hidden * 1]:[8 * 1]__________________________
0.3348035218657772 
1.5933055409776988 
0.9466032519982688 
1.1490504345434176 
0.14768079222443395 
0.05127521493646231 
0.8119016578889862 
1.3104656470907703 
__________________________Format [Hidden * 1]:[8 * 1]__________________________
1.6747263889372974 
-0.2594950560347494 
-0.18251907009983162 
-0.2282260327081958 
-1.0114190467581707 
-0.5570335021555991 
-0.4863763902399688 
1.5125428118189237 
__________________________Format [Output * 1]:[4 * 1]__________________________
-0.21772050517939906 
-0.6085514958624885 
0.22885372563101397 
0.8734542587473453 