InputNodes: 11 HiddenNodes: 8 OutputNodes: 4 HiddenLayers: 2
--------------------------------------Weights--------------------------------------
__________________________Format [Hidden * Input]:[8 * 11]__________________________
-0.06124857553482976 0.5135981638081065 0.5976241556110778 -0.7247970307753937 0.7519672727094111 -0.21119960027146684 0.7767238363416844 0.9560640254307845 1.4548402434742118 -0.9567073528608901 -1.3910596020482902 
1.9750500946784382 1.5503717731121862 -0.18712723593352992 1.167049133351193 1.700430646554518 1.4577347741851114 0.08323554251436846 -0.031555789046470537 2.4790849414945217 -1.8516223897318702 -2.5049916000460795 
-1.4338188583429377 1.708056662632012 2.3286340090534754 -1.8500527532772018 -1.0415904230767017 0.9341598357983072 -0.8334913098171772 0.130533588121947 -0.7099587245558828 -0.8872035695271098 -0.8691792774921328 
-0.9247704207838023 1.2825452841613871 1.162817576453884 -0.5803592723512175 -1.7988080872131595 0.15176111501452333 -0.25928351506218006 -0.007892847759117631 -0.5375683114577136 -0.050062942874759576 0.5737011596538855 
-1.5406165586932992 -0.24795437503055895 0.703935039076094 2.203572209517217 -0.47758663485189884 0.01959131341857187 -0.3571502277972098 -1.0042268251389534 -0.956107518611084 -0.8306799352097478 -0.38753449398537665 
-1.387572826999417 -0.030055441510529607 0.005393331173241214 -0.6017312658688858 0.5678448494169115 -0.6905707964216174 -0.9140860866548611 -0.20359760494849813 -0.7273724640762249 -1.5112503474332621 0.040765821807635605 
1.6180674973989246 0.7314826475959983 1.1332074690220373 -0.25910151879227444 -0.4791059261059032 -1.0427546408977604 -1.2076558113716334 -1.6676707100216583 0.10076171609534477 1.7229227258612978 1.5235757963831809 
-0.05832141998720107 1.402928283602938 0.856427211125846 1.388150273761615 1.0646912669347721 1.4834056253955814 0.6412017319645416 -0.9611293847965773 -0.45754451744552616 1.1283786493242254 -1.9200710666415068 
__________________________Format [Hidden * Hidden]:[8 * 8]__________________________
-0.5542298227728946 -0.30743463004214844 1.254385802811654 -2.2220714500122387 0.8143511180060564 0.16264376375362433 -1.5386849099965567 0.7785250219555766 
0.09616572280903797 -0.33301561419389625 -0.3767782382296738 -0.1602963978521251 -0.8556337805389541 -0.29643641183925984 -1.9162169005765406 -2.9449589562166847 
0.31110630541902945 0.9523731599620271 1.0891814133393336 -0.5534099244848956 0.7328495499181208 -0.00591718427008929 0.23079535288639716 -0.047993439474467256 
-0.6667713166001966 0.40149917733756213 -0.1908243372091932 -1.2146820899498492 -0.31017044708781183 -1.2946072513132993 -0.22475490065322312 0.32319368593198144 
-0.5196307457136833 -1.8966808840248928 0.1552095558877244 -1.4279030321006916 -0.29475739671330886 0.8953118636853296 -0.22510853667773037 1.0342422146957895 
-0.47814644932697226 -2.145552843811631 -0.6144621581187638 -0.3186177449988114 0.4012854247187124 -0.3118338893526988 0.46337996712934726 1.0982622864006033 
0.7362898615087947 1.0229579065214058 -1.605679075376592 -0.9100732283542564 1.2394696175906263 -0.015536435217457532 -1.2224202360223386 1.0957310737930508 
0.0642917785329137 0.007997492772049544 -0.07278711268205584 -0.40441937744149714 -1.147468259387154 -1.0536073798810044 0.6802235986529431 0.09430575093975715 
__________________________Format [Output * Hidden]:[4 * 8]__________________________
1.2666782752729981 -0.8523403571187999 1.81239778188949 -0.1968392704362497 -1.3567926790901703 1.5042793027138073 1.1030625259310807 1.883123235721913 
-0.496332703526776 -0.1639073192314372 0.49675031444052375 -0.42008723439954687 -1.132640113430872 1.2673114161454229 0.39163346307369706 -0.5880095284327873 
-0.9853312542832964 0.4271851965695193 1.0946784878130584 -0.013695903378372329 -1.5024619501106886 0.0986474653710441 -0.09385896432342433 0.9514758908660463 
0.8345591845683263 0.6402800765061873 -0.14908670643947475 0.34919677844686287 -1.423788300544981 -1.0145577136380517 0.3773176467899145 0.3490289214677237 
--------------------------------------Bias--------------------------------------
__________________________Format [Hidden * 1]:[8 * 1]__________________________
-0.48091437731611003 
-1.3771371606847733 
-0.39909963789092806 
0.38931939556445005 
0.059936383992747144 
-0.09246572322486066 
-0.6701640206121359 
-1.162612690943217 
__________________________Format [Hidden * 1]:[8 * 1]__________________________
1.7917141588007282 
0.9466368751835252 
-0.42198350246930383 
2.3872594069562285 
1.4321340225048877 
0.1266189832212873 
1.1078901027793842 
-1.2128467837650743 
__________________________Format [Output * 1]:[4 * 1]__________________________
1.2089952583175096 
-0.9145925237807313 
1.2518372068240855 
1.8617054706325404 