InputNodes: 10 HiddenNodes: 8 OutputNodes: 4 HiddenLayers: 2
--------------------------------------Weights--------------------------------------
__________________________Format [Hidden * Input]:[8 * 10]__________________________
-0.6921314 -0.7850872 1.321379 0.7480752 -0.7653529 -0.9906362 -0.6483872 -0.0119421 -0.4327716 0.93080556 
1.7043357 -0.06292626 -0.6099396 -1.0271647 -1.067781 0.1264659 0.73255 -1.3183872 -0.16981769 -0.30175015 
0.21085347 0.39861873 -0.9452679 -1.0350623 0.4049372 0.7374177 0.054334093 -0.38604325 0.6635118 -0.090021245 
-0.7514246 0.7378637 1.0209863 -0.102538265 -0.5685686 1.2098489 0.47209078 0.91986567 -0.29332614 0.21047701 
0.0024784838 -0.5497499 0.71085554 -0.41701913 0.36868936 -1.0022727 -1.1365356 -1.0000584 0.9281397 1.2960168 
-0.54168254 -0.36695254 -0.07696567 -0.07315792 0.14085071 -0.063840695 -0.11263543 0.10954598 -0.53166425 1.1987958 
-0.9927504 -1.1690861 0.5343591 0.3940685 0.33563784 -0.93002945 0.41059706 -0.62739444 -0.9201921 0.6315149 
-0.2171755 0.9082115 -0.10550022 -0.8338599 -0.4080662 -0.01935143 -0.86246675 1.4109198 0.7497008 1.2552625 
__________________________Format [Hidden * Hidden]:[8 * 8]__________________________
-0.4494875 -0.37734166 -0.12681013 0.46917483 0.27586374 -1.2492526 0.5964578 0.3689098 
-0.5367511 0.8626987 -0.26763117 0.16097978 -1.3787112 -0.34910306 1.0586499 0.67233014 
-0.45220643 0.9223506 1.2913095 0.71765697 1.5996687 0.043390755 1.1352339 -0.5783944 
0.7128078 -0.48292843 -0.8891869 -1.2076463 0.13439916 -1.2619041 0.14581388 -0.46037248 
0.61919373 -0.20803177 -0.80876744 -0.58462733 -1.7648847 0.8292934 -0.59146696 0.7389707 
-0.93618953 -1.0750483 -0.7028383 0.6900085 -0.89074063 0.6373453 0.21180078 0.35314542 
-0.85799116 -1.0400664 0.36027434 0.30589357 0.5107136 -0.032628603 1.1665232 -0.25473186 
-0.58634067 0.36976427 0.52561367 0.18122402 -0.3232968 -0.037010428 1.1699306 0.009757315 
__________________________Format [Output * Hidden]:[4 * 8]__________________________
-0.92165405 0.7110099 -0.3934464 0.1253429 1.0022329 0.5763911 0.19692628 1.0302165 
-0.5483997 0.53039885 1.1458371 -0.4653019 0.21741906 -0.78679585 -0.81222177 -0.3123344 
1.1322165 -1.6213675 1.785178E-4 -0.6778537 -0.108297974 -0.029977871 -0.09731797 1.2306032 
-0.18673868 0.6605157 -0.5539057 0.3270432 -0.62915564 -1.4628501 0.59772635 0.8844152 
--------------------------------------Bias--------------------------------------
__________________________Format [Hidden * 1]:[8 * 1]__________________________
0.9300697 
-0.17609961 
-0.2809314 
-0.13063729 
0.40645695 
-1.0853813 
-0.9173035 
-1.0242761 
__________________________Format [Hidden * 1]:[8 * 1]__________________________
0.23558237 
-0.20895725 
1.2409798 
-0.5193458 
-0.6066 
1.2788512 
-0.095526904 
0.7766532 
__________________________Format [Output * 1]:[4 * 1]__________________________
0.97121125 
0.49964386 
-0.57637125 
0.25547528 